0 12079025 15314 0.893339
1 12079026 15314 0.894967
2 12079027 15314 0.896933
3 12079028 15314 0.899325
4 12079030 15314 0.901989
5 12079031 15314 0.903022
6 12079037 15314 0.904672
7 12079038 15314 0.905478
8 12079040 15314 0.905642
9 12079042 15314 0.905197
11 12079045 15314 0.904538
12 12079046 15314 0.904440
13 12079047 15314 0.904431
14 12080001 15314 0.903671
15 12080004 15314 0.903164
16 12080010 15315 1.108182
17 12080011 15315 1.108461
18 12080012 15315 1.108848
19 12080017 15315 1.108860
20 12080018 15315 1.109071
21 12080020 15315 1.110884
22 12080052 15316 1.042311
23 12080053 15316 1.042115
24 12080054 15316 1.042243
25 12080055 15316 1.044942
26 12080058 15316 1.049152
27 12080059 15316 1.051246
28 12080062 15316 1.054565
29 12080066 15316 1.058684
30 12080067 15316 1.062096
31 12080068 15316 1.065002
32 12080069 15316 1.066503
33 12081011 15322 0.954669
34 12081012 15322 0.954810
35 12081050 15324 1.040115
36 12081052 15324 1.038542
37 12081054 15324 1.037034
38 12081055 15324 1.035774
39 12081056 15324 1.034105
40 12081057 15324 1.033139
41 12081069 15324 1.027677
42 12082001 15324 1.018909
43 12082003 15324 1.014873
44 12082007 15324 1.011349
45 12082022 15325 0.972337
46 12082023 15325 0.972849
47 12082024 15325 0.973457
48 12083009 15335 0.944136
49 12083010 15335 0.949155
50 12083011 15335 0.952806
51 12083012 15335 0.954024
52 12083013 15335 0.955306
53 12083014 15335 0.957048
54 12083016 15335 0.958513
55 12083017 15335 0.959951
56 12083018 15335 0.961498
57 12083019 15335 0.962389
58 12083020 15335 0.963810
59 12083021 15335 0.964885
60 12083022 15335 0.966080
61 12083024 15335 0.966087
62 12083050 15337 0.895505
63 12083053 15337 0.896154
64 12083054 15337 0.897017
65 12083055 15337 0.898159
66 12083056 15337 0.898389
67 12083057 15337 0.899077
68 12083058 15337 0.899945
69 12083059 15337 0.900565
70 12083060 15337 0.901057
71 12083061 15337 0.901655
72 12084002 15337 0.902323
73 12084008 15338 1.001428
74 12084009 15338 0.999612
75 12084010 15338 0.997470
76 12084011 15338 0.996038
77 12084013 15338 0.994406
78 12084014 15338 0.993233
79 12084016 15338 0.992067
80 12084017 15338 0.990682
81 12084018 15338 0.989140
82 12085023 15356 0.976508
83 12085025 15356 0.974867
84 12085027 15356 0.974695
85 12085028 15356 0.974721
86 12085029 15356 0.974738
93 12086032 15363 1.052326
94 12086033 15363 1.052438
95 12086035 15363 1.052323
96 12086036 15363 1.052588
97 12086037 15363 1.053083
122 12088031 15366 0.968336
132 12089011 15370 1.042853
133 12089084 15372 1.028655
134 12089085 15372 1.028842
135 12089087 15372 1.028738
136 12089089 15372 1.029187
137 12090002 15372 1.029005
138 12090006 15372 1.029539
139 12090007 15372 1.029571
140 12090009 15372 1.029871
141 12090010 15372 1.030160
142 12090011 15372 1.030508
143 12090019 15372 1.031133
144 12090022 15372 1.031400
145 12090042 15376 0.946354
146 12090046 15376 0.945715
147 12090048 15376 0.944430
148 12090049 15376 0.944160
149 12090050 15376 0.943636
150 12090051 15376 0.943464
151 12090052 15376 0.942951
152 12090054 15376 0.940176
153 12090055 15376 0.938586
154 12090060 15376 0.934257
155 12091003 15378 0.964036
156 12091005 15378 0.963513
157 12091006 15378 0.963024
158 12091007 15378 0.962888
159 12091009 15378 0.962182
160 12091011 15378 0.961979
161 12091012 15378 0.961531
162 12091013 15378 0.960736
163 12091016 15378 0.957790
164 12091017 15378 0.956869
165 12091019 15378 0.955602
166 12091021 15378 0.953753
167 12091023 15378 0.952022
168 12091024 15378 0.950589
169 12091040 15380 1.035059
170 12091042 15380 1.034966
171 12091043 15380 1.034953
172 12091044 15380 1.035165
173 12091045 15380 1.035836
174 12091046 15380 1.036641
175 12091049 15380 1.041123
176 12091051 15380 1.042433
177 12091052 15380 1.043651
178 12092002 15380 1.045963
179 12092003 15380 1.047005
180 12092005 15380 1.047577
182 12092019 15381 1.041048
183 12092020 15381 1.040842
184 12092047 15386 1.047761
185 12093001 15386 1.047390
186 12093002 15386 1.047311
187 12093003 15386 1.047094
188 12093004 15386 1.046849
189 12093006 15386 1.046314
190 12093007 15386 1.046230
191 12093008 15386 1.045754
192 12093010 15386 1.045761
193 12093011 15386 1.045623
194 12093021 15390 0.979136
195 12093022 15390 0.979077
196 12093023 15390 0.978819
197 12093024 15390 0.978636
198 12093029 15392 0.963794
199 12093031 15392 0.963393
200 12093032 15392 0.962878
201 12093033 15392 0.962136
202 12093034 15392 0.961426
203 12093039 15392 0.960457
204 12093040 15392 0.959776
205 12093042 15392 0.955046
206 12093044 15392 0.951259
207 12093049 15392 0.945710
208 12093050 15392 0.943541
209 12093051 15392 0.941786
210 12094008 15393 1.036351
211 12094009 15393 1.035472
212 12094010 15393 1.035154
213 12094011 15393 1.034631
214 12094013 15393 1.034023
215 12094014 15393 1.033466
216 12094015 15393 1.033219
217 12094016 15393 1.033228
218 12094020 15393 1.032837
219 12094022 15393 1.032719
220 12094024 15393 1.032480
221 12094026 15393 1.032195
222 12094060 15397 1.038132
223 12094061 15397 1.038621
224 12094062 15397 1.039155
225 12094063 15397 1.039579
226 12094064 15397 1.040067
228 12095005 15397 1.041501
229 12095006 15397 1.041687
230 12095008 15397 1.041842
231 12095018 15397 1.042916
232 12095021 15397 1.043008
233 12095023 15397 1.043403
234 12095037 15399 0.963693
235 12095038 15399 0.963229
236 12095043 15399 0.962724
237 12095052 15399 0.962605
238 12095054 15399 0.962453
239 12095056 15399 0.962514
240 12095057 15399 0.962416
241 12095059 15399 0.962748
242 12095060 15399 0.963220
243 12095064 15399 0.963558
244 12096005 15402 0.992874
245 12096011 15403 0.966961
246 12096014 15403 0.966771
247 12096015 15403 0.966662
248 12096024 15403 0.964675
249 12096026 15403 0.963692
250 12096027 15403 0.963242
251 12096028 15403 0.962467
252 12096029 15403 0.962342
253 12096030 15403 0.961991
254 12096032 15403 0.961963
255 12096033 15403 0.961800
256 12096034 15403 0.961641
257 12096046 15404 1.031912
258 12096057 15408 1.033956
259 12096059 15408 1.034187
260 12096060 15408 1.034395
261 12096061 15408 1.034304
262 12097001 15408 1.034715
263 12097003 15408 1.034952
264 12097004 15408 1.035064
265 12097007 15408 1.035742
266 12097008 15408 1.035809
267 12097010 15408 1.036122
268 12097011 15408 1.036808
269 12097013 15408 1.037117
270 12097016 15408 1.037672
271 12097017 15408 1.037722
272 12097018 15408 1.037867
273 12097019 15408 1.038247
274 12097021 15408 1.038519
275 12098007 15419 1.042314
276 12098008 15419 1.042388
277 12098010 15419 1.042241
278 12098012 15419 1.042392
279 12098014 15419 1.042360
280 12098016 15419 1.042243
281 12098017 15419 1.041827
282 12098018 15419 1.041912
283 12098019 15419 1.042056
284 12098020 15419 1.041855
285 12098021 15419 1.041843
286 12098022 15419 1.041773
287 12098030 15419 1.041763
288 12098031 15419 1.041880
